2 3 4 5 6 7 9 10 16 20 22 23 24 25 26 35 36
3 6 7 9 20 22 23 24 25 35 36
2 4 5 10 16 26
8 11 12 13 14 15 17 18 19 21 27 28 29 30 31 32 33 34
3 6 9 22 23 24 25 35
10 26
8 19 21 28 29 30 32 34
3 6 9 22 23 24 25
11 12 13 14 15 17 18 27 31 33
8 19 21 29
2 4 5 16
8 29
2 4 16
28 30 32 34
3 9 22 23 24
13 14 15 17 31 33
6 25
17 31
7 20 36
13 14 15 33
9 22 23 24
7 36
2 4
19 21
14 15
9 22 24
11 12 18 27
28 30
22 24
11 18 27
32 34
13 33
11 27
27
33
34
18
24
30
12
22
15
21
4
36
9
13
7
31
25
17
23
28
2
29
16
19
11
3
32
26
35
8
10
20
6
14
5
